omega=
5.345460 5.717770 6.757430 3.047790 1.972060 3.426410 6.668170 2.156860 1.768670 1.200410 1.526760 1.859880 1.949350 1.493080 1.479750 2.122810 3.461100 6.487050 1.454950 1.925300 1.240650 2.294200 1.556390 1.162510 1.500550
17.430350 18.712610 22.325740 9.436600 5.680220 10.867830 22.050050 6.650960 5.243720 3.226450 4.243930 5.575860 5.879510 4.306530 3.968040 6.370390 11.137180 21.145960 3.515760 5.724410 3.310340 7.075640 4.422560 3.177480 4.432860
7.004810 7.503180 8.882260 3.929290 2.477290 4.455500 8.776240 2.776380 2.250370 1.474280 1.898220 2.377930 2.481960 1.867980 1.810680 2.688510 4.515400 8.466130 1.711020 2.437890 1.525200 2.961650 1.934660 1.415490 1.885750
3.554450 3.788910 4.445980 11.721730 6.970010 2.941830 4.561440 8.287480 6.511440 3.261900 2.068590 3.579460 7.176080 5.074940 4.030820 2.962840 5.167660 12.179420 3.572650 5.829340 1.665860 3.250010 2.916610 2.144450 4.511270
2.395840 2.544000 2.950550 7.490880 4.531440 2.018470 3.029260 5.309870 4.222590 2.211110 1.479350 2.403310 4.636970 3.320120 2.713240 2.041350 3.394700 7.804820 2.496960 3.811130 1.222190 2.198930 2.009830 1.501320 2.980790
4.501310 4.812750 5.667270 3.142650 2.027140 3.794980 5.831320 2.221430 1.820170 1.591140 2.693830 3.134650 2.010330 1.659380 1.960060 3.934330 6.701540 11.510830 1.836140 2.665730 2.131310 4.358060 2.437410 1.769720 2.067650
16.973660 18.238890 21.710660 9.400310 5.628140 10.906410 21.501890 6.537360 5.161660 3.285800 4.657460 5.987220 5.719490 4.262600 4.079420 6.986860 12.299030 23.104520 3.576260 5.896770 3.605910 7.807020 4.660240 3.320040 4.497450
4.686500 5.023270 5.947530 13.692230 8.066480 3.671140 5.997800 9.565500 7.481470 3.662820 2.356090 4.127680 8.281150 5.769510 4.556740 3.409920 6.149180 14.694830 3.909720 6.668250 1.825570 3.820990 3.262950 2.325220 5.059960
2.326440 2.475210 2.887780 7.481280 4.510500 1.941990 2.932000 5.245780 4.157020 2.134870 1.413960 2.314710 4.591590 3.239040 2.640470 1.950350 3.284960 7.733870 2.374800 3.717170 1.143050 2.108250 1.909870 1.389110 2.842410
1.232390 1.285630 1.468100 2.012640 1.377970 1.219480 1.539320 1.406860 1.187530 2.468210 1.095360 1.511110 1.312970 1.577410 3.056170 1.464570 2.443820 10.748090 2.691770 4.354290 0.907320 1.539320 2.544630 1.842170 3.338770
1.277200 1.334080 1.516570 1.581890 1.138140 2.056090 1.810900 1.144310 0.994610 1.203880 2.331230 2.559900 1.084500 1.023710 1.476970 3.375910 5.723000 9.440390 1.451370 1.931550 1.846080 3.737900 1.956490 1.429410 1.496180
2.763520 2.935810 3.454000 4.331670 2.691510 4.471370 4.111230 2.979930 2.391170 2.846150 5.013080 5.817280 2.658140 2.433070 3.543760 7.559290 13.259310 23.698770 3.077810 5.109960 3.855560 8.454040 4.575260 3.229640 3.880750
3.085700 3.289250 3.869390 10.363020 6.158460 2.542600 3.945890 7.226510 5.675540 2.812530 1.788730 3.081030 6.276450 4.388180 3.499390 2.546930 4.452320 10.734200 3.063070 5.045510 1.433980 2.791320 2.494280 1.812020 3.837750
1.598460 1.678380 1.957560 4.311790 2.670330 1.410160 1.998690 2.948050 2.372190 2.120900 1.133780 1.704900 2.638300 2.150510 2.649390 1.543480 2.584440 8.765480 2.317300 3.744200 0.924320 1.625300 2.050200 1.458080 2.802810
1.766610 1.850930 2.136800 2.963720 1.946770 1.746260 2.250210 2.066200 1.719090 3.715090 1.534490 2.227750 1.894390 2.331770 4.605840 2.118310 3.698650 16.602330 3.969450 6.680200 1.258610 2.272040 3.832160 2.769920 5.122490
3.029690 3.229030 3.791900 3.907750 2.481380 5.414760 4.645160 2.697080 2.189560 2.834300 6.268550 7.049580 2.426440 2.290660 3.523610 9.492340 16.656660 27.604810 3.073130 5.039510 4.817350 10.649450 5.165740 3.632750 3.812560
6.807450 7.302700 8.661490 8.901870 5.334560 12.441600 10.719840 6.168040 4.856680 6.559240 14.449120 16.482220 5.393870 5.219240 8.154530 22.258930 39.311970 65.929520 6.833210 12.120880 11.005030 24.969680 12.204730 8.517910 9.264510
21.837950 23.460530 27.931890 31.002870 18.139030 22.584500 30.073910 21.884090 17.008260 25.343520 19.280980 26.531470 18.872570 19.299360 31.514390 29.832290 54.406950 101.565590 26.160780 47.584770 14.679300 33.372790 48.259360 34.171100 36.621570
7.343920 7.850790 9.288450 13.483890 8.078500 7.275320 9.845440 9.435160 7.428450 17.236820 6.084200 9.951860 8.245150 10.568320 21.427580 9.127110 17.355620 81.102200 17.810050 32.162970 4.705740 10.141630 17.811520 12.791890 24.707410
2.428930 2.574710 3.007520 4.241390 2.667180 2.411710 3.164530 2.930860 2.377030 5.430080 2.070520 3.175720 2.635460 3.328750 6.738600 2.949080 5.403560 24.986040 5.684720 9.951930 1.649360 3.239960 5.592180 4.025090 7.618190
1.104910 1.149690 1.297460 1.356630 1.011920 1.724900 1.540140 0.988640 0.888750 1.042160 1.950680 2.117850 0.948340 0.885950 1.278140 2.783130 4.658620 7.676400 1.279470 1.622100 1.563860 3.065040 1.650220 1.216020 1.253720
2.358320 2.504760 2.923870 3.009210 1.944700 4.123220 3.564130 2.100860 1.724750 2.202350 4.759670 5.331230 1.909960 1.810140 2.727670 7.150860 12.453240 20.504500 2.431750 3.852380 3.684550 8.003610 3.948010 2.802080 2.953600
3.421680 3.641790 4.280940 5.311400 3.286030 4.238110 4.752140 3.698460 2.975700 5.661690 4.167160 5.467410 3.282960 3.767100 7.031240 6.214820 11.178180 36.077280 5.943210 10.384830 3.235110 6.939180 18.716320 13.247780 7.950620
2.162890 2.290080 2.675970 3.459690 2.194820 2.478670 2.899730 2.391470 1.950950 3.898100 2.347640 3.172460 2.160370 2.535130 4.845870 3.402120 6.107430 22.147740 4.122300 7.102410 1.842180 3.786300 9.901740 7.032280 5.422080
3.119780 3.329290 3.921310 5.592310 3.427890 3.104010 4.105230 3.832890 3.055030 7.239390 2.625650 4.164720 3.408190 4.377790 8.996490 3.804840 7.200510 33.882470 7.494060 13.409630 2.043020 4.257680 7.451140 5.342320 10.261260;

c=
0 10442.9 13921.7 23436.5 42134 15343.1 17080.1 21071.7 26354.4 34367.5 20136.3 23357.3 27341.1 31380.1 37982.2 26704.8 29781 32917.8 33108.6 38718.9 34285.5 33040 34627.8 36630.7 38450
10442.9 0 5296.04 13431.9 31691.4 17428 12444.7 14705.3 18665 25834.2 22103.3 21044.3 22158.8 24921.5 30273 26857.3 28316.5 30006.8 29158 32035 38372.5 33515.9 31843.1 33568.1 34276.8
13921.7 5296.04 0 13674.9 29377.5 22722.3 16976.8 18351.1 21201.5 27306.3 27374 25766.7 25917.7 27939.4 32294.4 31916.9 33066.6 34353.2 33181.4 34701 43668.4 38555.5 36193.1 37803.2 38110.2
23436.5 13431.9 13674.9 0 19832.4 23263.2 13294.5 10852.6 9807.19 13877.7 26346.1 20434.2 16818.7 16670.9 19219.7 27841 26907.1 26277.4 24072.9 22377.2 42439.6 33742.6 27984.8 29063.5 28094.8
42134 31691.4 29377.5 19832.4 0 42862.5 32670.9 29192 24984.9 20819.8 45429.8 38129 32174.6 28979.4 25323.2 45448.3 43149.3 40766.1 37707.8 30170 60736.7 50348.2 42053.5 42304.8 39614.5
15343.1 17428 22722.3 23263.2 42862.5 0 10227.9 14273.4 19850.1 27930.7 4930.11 10048.2 16594.6 21684.8 29444.6 11415.1 14996.6 18907.9 20013.3 28418.7 20952.4 17700.2 20413.4 22510.4 25153.6
17080.1 12444.7 16976.8 13294.5 32670.9 10227.9 0 4512.23 10315 18649.7 13060.2 8821.77 10359.1 14337.8 21334.5 15529.8 16111.7 17563.4 16867.7 21666.7 29331.9 21992.2 19398.9 21143 22105.1
21071.7 14705.3 18351.1 10852.6 29192 14273.4 4512.23 0 5805.81 14137.8 16255.3 9581.56 7567.69 10447.1 16987.2 16998.5 16237.9 16373.6 14874.6 17754.6 31816.5 22926.2 18186.9 19629.8 19761.4
26354.4 18665 21201.5 9807.19 24984.9 19850.1 10315 5805.81 0 8337.91 21220.7 13216.2 7531.58 6972.42 11715.5 20467.2 18382.7 16891.8 14417.5 13508.3 35804.1 25531.9 18502.8 19411.7 18287.6
34367.5 25834.2 27306.3 13877.7 20819.8 27930.7 18649.7 14137.8 8337.91 0 28732.8 20072.6 12922 8558.94 5693.17 26619 23382.3 20296.7 17103.5 9988.37 41981.4 30491.8 21427.5 21531.4 18817.9
20136.3 22103.3 27374 26346.1 45429.8 4930.11 13060.2 16255.3 21220.7 28732.8 0 8945.35 16285.4 21451.2 29292.2 7134.02 11489.1 16018.2 17814.8 27472.3 16537.7 12969.5 17262 19362.3 22556
23357.3 21044.3 25766.7 20434.2 38129 10048.2 8821.77 9581.56 13216.2 20072.6 8945.35 0 7364.96 12512.5 20348.3 7446.28 7299.94 9564.53 10068.5 18663.4 22609 13430.8 11303.1 13277.8 15334.5
27341.1 22158.8 25917.7 16818.7 32174.6 16594.6 10359.1 7567.69 7531.58 12922 16285.4 7364.96 0 5180.46 13029.2 13721.4 10977.7 9467.67 7424.65 11913 29123.6 18174.1 11166.8 12340.1 12193.7
31380.1 24921.5 27939.4 16670.9 28979.4 21684.8 14337.8 10447.1 6972.42 8558.94 21451.2 12512.5 5180.46 0 7848.97 18367.8 14860.7 11815 8733.08 7339.27 33602.1 21938.8 13077.1 13477.5 11613.4
37982.2 30273 32294.4 19219.7 25323.2 29444.6 21334.5 16987.2 11715.5 5693.17 29292.2 20348.3 13029.2 7848.97 0 25824.8 21835.1 17870.9 14561.3 4857.36 40744 28549.5 18591.1 18189.2 14781.8
26704.8 26857.3 31916.9 27841 45448.3 11415.1 15529.8 16998.5 20467.2 26619 7134.02 7446.28 13721.4 18367.8 25824.8 0 4904.09 9818.51 12356.7 23042 15417.5 6663.09 10698.8 12728.9 16367.3
29781 28316.5 33066.6 26907.1 43149.3 14996.6 16111.7 16237.9 18382.7 23382.3 11489.1 7299.94 10977.7 14860.7 21835.1 4904.09 0 4931.18 7704.96 18622.4 18908.8 7200.7 5839.13 7911.61 11463.3
32917.8 30006.8 34353.2 26277.4 40766.1 18907.9 17563.4 16373.6 16891.8 20296.7 16018.2 9564.53 9467.67 11815 17870.9 9818.51 4931.18 0 3311 14174.8 23222.3 10725.5 1840.39 3713.34 6586.36
33108.6 29158 33181.4 24072.9 37707.8 20013.3 16867.7 14874.6 14417.5 17103.5 17814.8 10068.5 7424.65 8733.08 14561.3 12356.7 7704.96 3311 0 10971.8 26412.5 14010.1 4345.75 4996.85 5341.41
38718.9 32035 34701 22377.2 30170 28418.7 21666.7 17754.6 13508.3 9988.37 27472.3 18663.4 11913 7339.27 4857.36 23042 18622.4 14174.8 10971.8 0 37378.7 24880.8 14576 13862.8 10151.8
34285.5 38372.5 43668.4 42439.6 60736.7 20952.4 29331.9 31816.5 35804.1 41981.4 16537.7 22609 29123.6 33602.1 40744 15417.5 18908.8 23222.3 26412.5 37378.7 0 12703.9 23126.2 24511.9 28749.7
33040 33515.9 38555.5 33742.6 50348.2 17700.2 21992.2 22926.2 25531.9 30491.8 12969.5 13430.8 18174.1 21938.8 28549.5 6663.09 7200.7 10725.5 14010.1 24880.8 12703.9 0 10448.1 11815.5 16048.8
34627.8 31843.1 36193.1 27984.8 42053.5 20413.4 19398.9 18186.9 18502.8 21427.5 17262 11303.1 11166.8 13077.1 18591.1 10698.8 5839.13 1840.39 4345.75 14576 23126.2 10448.1 0 2108.43 5828.31
36630.7 33568.1 37803.2 29063.5 42304.8 22510.4 21143 19629.8 19411.7 21531.4 19362.3 13277.8 12340.1 13477.5 18189.2 12728.9 7911.61 3713.34 4996.85 13862.8 24511.9 11815.5 2108.43 0 4242.29
38450 34276.8 38110.2 28094.8 39614.5 25153.6 22105.1 19761.4 18287.6 18817.9 22556 15334.5 12193.7 11613.4 14781.8 16367.3 11463.3 6586.36 5341.41 10151.8 28749.7 16048.8 5828.31 4242.29 0