omega=
0.616980 1.510670 1.714620 1.833510 1.439060 0.451730 0.702600 0.512980 0.721060 1.414040 0.633220 1.497190 0.632560 0.355810 0.503370 0.358070 0.506070 0.451910 0.462950 0.496360 0.602740 0.360770 0.484380 0.335660 0.431810 0.717310 1.072130 2.212660 0.380750 0.558340 0.447940 0.512100 0.376760 0.523810 0.461390 0.463230 0.517110 0.362880 0.422880 0.370280
0.961360 2.616450 3.017260 3.236210 2.488510 0.648810 1.124700 0.765060 1.165080 2.465430 1.009200 2.546940 1.015190 0.478230 0.764840 0.480290 0.759910 0.667580 0.678080 0.750310 0.943390 0.488330 0.692320 0.448060 0.628430 1.151120 1.797000 3.896050 0.481820 0.695910 0.649020 0.778820 0.518390 0.802120 0.675150 0.696330 0.756390 0.509340 0.605010 0.533230
3.710920 11.496240 13.439560 14.437750 10.928680 2.281450 4.566380 2.811310 4.766920 10.894080 4.140360 11.097730 4.198570 1.581120 3.003890 1.641220 2.885630 2.510520 2.510390 2.951870 3.833960 1.662580 2.469010 1.448890 2.293930 4.736550 7.701420 17.550300 1.416630 2.006070 2.411230 2.983610 1.763110 3.181900 2.498760 2.702690 2.839440 1.771410 2.168720 1.978350
1.540490 4.494420 5.219850 5.608870 4.267150 0.985200 1.826890 1.191740 1.915750 4.239410 1.652140 4.345190 1.656480 0.689190 1.214290 0.696810 1.195890 1.024860 1.050520 1.190680 1.521880 0.705940 1.031630 0.621290 0.946350 1.860250 3.023060 6.751860 0.654700 0.925180 0.962150 1.216230 0.759860 1.283160 1.045290 1.079240 1.156630 0.736460 0.867800 0.789770
1.158040 3.246020 3.754250 4.030480 4.397980 1.618070 3.119880 1.979910 1.621370 3.060880 1.288190 4.094010 2.909110 1.139580 2.013700 1.033060 1.168190 1.015970 1.265900 2.031510 2.602720 1.156260 1.537840 0.926340 0.936790 1.825880 2.914810 7.264150 0.932590 1.327990 1.495180 1.826140 0.755750 1.258590 1.025740 1.132860 1.375310 0.831520 1.353440 1.229130
0.432700 0.926430 1.028290 1.096410 2.157970 1.154960 2.166260 1.399840 0.665660 0.858470 0.469110 1.817170 2.000050 0.821920 1.378020 0.708250 0.592960 0.528380 0.760890 1.400950 1.807620 0.819930 1.040010 0.641700 0.500380 0.874080 1.344640 3.623230 0.666950 0.953360 0.994070 1.211370 0.425340 0.622590 0.535710 0.601950 0.806850 0.488860 0.905700 0.817550
0.598550 1.461080 1.659280 1.775260 3.548720 1.832790 3.561410 2.249030 1.020850 1.366980 0.688170 2.967160 3.327300 1.286890 2.254670 1.100120 0.897050 0.782260 1.182870 2.300460 2.970340 1.292900 1.640360 0.985070 0.731110 1.374590 2.173020 6.039350 0.987530 1.407560 1.597620 1.952450 0.598200 0.955670 0.792900 0.922550 1.251270 0.726160 1.442610 1.311670
0.535130 1.225430 1.387010 1.479320 2.907620 1.518680 2.908360 1.854080 0.875090 1.154420 0.612210 2.438060 2.716030 1.086800 1.863090 0.937630 0.776560 0.684660 1.004000 1.896590 2.429870 1.090050 1.382160 0.845610 0.640170 1.170990 1.808570 4.940110 0.858780 1.226460 1.355950 1.618130 0.536610 0.826600 0.693690 0.798030 1.071790 0.640300 1.231070 1.114290
0.694190 1.765690 2.017300 2.160420 1.903090 0.633430 1.090730 0.745800 1.693870 1.656590 0.944910 1.884360 0.978560 0.464150 0.885140 0.686070 1.671370 1.450020 1.210180 0.786550 0.917150 0.518880 1.007550 0.618600 1.330580 2.670100 4.294690 8.526540 0.650620 0.919540 0.957320 1.168430 1.053120 1.821860 1.457830 1.445040 1.370030 0.909070 0.868420 0.786630
1.118620 3.150960 3.640770 3.910060 2.993640 0.734250 1.316120 0.877220 1.366070 2.962140 1.171270 3.050750 1.171640 0.517570 0.868170 0.522310 0.867780 0.747370 0.767150 0.851860 1.093430 0.531320 0.764820 0.477120 0.700070 1.321080 2.123580 4.709150 0.510860 0.733550 0.701090 0.888130 0.568320 0.915870 0.763530 0.779820 0.842060 0.550640 0.643520 0.576350
1.629820 4.812580 5.589070 6.009130 4.659190 1.090360 2.061100 1.328460 2.393300 4.530410 1.838100 4.709990 1.858450 0.754340 1.416560 0.852820 1.716910 1.475720 1.390180 1.348390 1.707830 0.791370 1.284020 0.756640 1.350750 2.746200 4.490030 9.737830 0.785400 1.100040 1.211060 1.533020 1.063790 1.866580 1.491700 1.524890 1.551580 0.988940 1.089120 0.993400
2.680660 8.083410 9.420030 10.129880 9.057500 2.571950 5.075240 3.177320 3.590040 7.631110 2.976290 8.787110 4.703650 1.772760 3.279450 1.676860 2.336530 2.023930 2.287850 3.271050 4.211280 1.813710 2.533770 1.486940 1.858130 3.767620 6.143590 14.788310 1.472250 2.080400 2.458800 3.071490 1.440660 2.549260 2.028180 2.229240 2.513730 1.517450 2.206050 2.017030
0.808920 2.198460 2.516460 2.703490 5.565480 2.799540 5.584000 3.470870 1.488430 2.045070 0.946320 4.595240 5.201070 1.917470 3.476750 1.617620 1.288730 1.104860 1.749720 3.551300 4.632400 1.928260 2.455290 1.431210 1.016800 2.021830 3.310020 9.576780 1.404050 1.986630 2.383200 2.992650 0.802760 1.380720 1.120780 1.324300 1.827470 1.004730 2.130140 1.954250
0.383300 0.775600 0.853550 0.908430 1.763390 0.967300 1.772350 1.164240 0.567310 0.715260 0.392900 1.498750 1.625810 0.693170 1.135290 0.599240 0.508730 0.448960 0.643960 1.152640 1.487190 0.687990 0.870950 0.540660 0.429950 0.722090 1.106360 2.911120 0.577870 0.824290 0.819130 1.001740 0.366060 0.520370 0.459460 0.502880 0.676480 0.411520 0.744900 0.673280
0.471170 1.080150 1.204030 1.288520 2.382780 1.226520 2.335490 1.494220 0.813950 0.992770 0.526980 2.018210 2.141520 0.860130 1.693620 1.091000 0.739470 0.645230 0.867710 1.579040 1.935620 0.930170 1.640080 0.972980 0.607660 1.120540 1.778520 6.742360 0.978410 1.378560 1.578920 1.967410 0.500750 0.779110 0.656190 0.883020 1.325770 0.774500 1.421770 1.296970
0.314760 0.572010 0.606890 0.643390 0.860620 0.456440 0.747890 0.528480 0.528720 0.510280 0.332870 0.788100 0.634400 0.337720 0.910840 0.972330 0.516090 0.456930 0.460520 0.647710 0.619810 0.470840 1.460500 0.865580 0.437450 0.744540 1.165560 6.469490 0.883080 1.231630 1.396140 1.742570 0.368630 0.530140 0.465520 0.759760 1.269790 0.756330 1.256690 1.145650
0.338110 0.631680 0.684400 0.726460 0.804610 0.406330 0.629460 0.461170 1.136530 0.578450 0.518280 0.776200 0.543970 0.313430 0.558790 0.504980 1.275260 1.104050 0.895250 0.473770 0.529400 0.353570 0.722680 0.458980 1.018830 2.001800 3.208450 6.172020 0.498940 0.716600 0.669090 0.821140 0.819040 1.378470 1.117690 1.080380 1.008370 0.683480 0.613900 0.550260
0.615550 1.528260 1.730380 1.852790 2.042490 0.813320 1.476400 0.975110 3.032930 1.419200 1.243130 1.913420 1.333800 0.587460 1.359330 1.171490 3.441160 2.984210 2.323980 1.117720 1.226520 0.717030 1.753380 1.049490 2.723680 5.659510 9.216330 18.179160 1.040180 1.462810 1.701140 2.117280 2.080240 3.793850 2.970860 2.955200 2.645610 1.731450 1.534990 1.394220
0.343900 0.672390 0.718720 0.765340 1.156510 0.593790 1.042610 0.705110 0.953080 0.598280 0.463900 1.019560 0.898600 0.425510 0.739700 0.517570 1.031510 0.888270 0.812590 0.685470 0.856940 0.451300 0.760310 0.471730 0.821150 1.593560 2.587490 5.368690 0.507590 0.728990 0.690370 0.890180 0.662720 1.099160 0.904130 0.881630 0.882210 0.578000 0.630880 0.564390
0.697430 1.839140 2.092970 2.247900 4.497450 2.260460 4.477000 2.795200 1.284150 1.703140 0.811330 3.731190 4.153370 1.547690 2.920490 1.516860 1.128170 0.966890 1.461980 2.890100 3.705670 1.591850 2.313480 1.343980 0.894620 1.756390 2.875140 9.332950 1.327960 1.864680 2.241260 2.809460 0.715520 1.207120 0.985950 1.237620 1.772800 0.996500 2.007840 1.839410
0.398970 0.852910 0.936980 1.001200 2.036700 1.087340 2.055100 1.324270 0.606750 0.776940 0.412290 1.691890 1.852950 0.754100 1.275630 0.644150 0.538210 0.475070 0.696530 1.290130 1.701060 0.748480 0.952370 0.578800 0.454940 0.781880 1.230160 3.420700 0.610840 0.870440 0.884460 1.126390 0.382730 0.554870 0.484450 0.536720 0.725360 0.432980 0.802530 0.726880
0.327120 0.640170 0.679230 0.722780 1.441820 0.789690 1.449340 0.951780 0.466010 0.563470 0.319760 1.207790 1.275860 0.548200 0.936680 0.545260 0.422880 0.377490 0.521720 0.914820 1.194340 0.556900 0.804600 0.491380 0.369110 0.602720 0.939610 2.978500 0.525880 0.753320 0.720410 0.953870 0.313860 0.424030 0.384000 0.438970 0.627810 0.375820 0.653760 0.589560
0.474890 0.994390 1.086990 1.157830 1.545690 0.746140 1.304540 0.883880 0.911290 0.902830 0.551100 1.398710 1.143070 0.545340 1.668510 1.776560 0.888090 0.777790 0.781660 1.164340 1.085410 0.799630 2.684000 1.579290 0.731020 1.345520 2.144940 12.336100 1.553870 2.154060 2.613900 3.250420 0.603430 0.939720 0.790880 1.380050 2.345460 1.372550 2.346110 2.144200
0.331510 0.625070 0.668110 0.709020 0.947590 0.489910 0.817530 0.570630 0.575730 0.560370 0.357960 0.865450 0.699990 0.362770 1.010020 1.076310 0.562200 0.494140 0.499030 0.712900 0.677750 0.509790 1.619700 0.959350 0.473040 0.821580 1.293370 7.243660 0.967830 1.345830 1.557190 1.940230 0.396790 0.581450 0.504680 0.839720 1.410560 0.835180 1.399880 1.277710
0.381270 0.802860 0.880850 0.940840 1.051430 0.478600 0.796900 0.556810 1.534200 0.729710 0.644550 0.992990 0.680550 0.349360 0.701630 0.622120 1.730710 1.488100 1.182280 0.580390 0.657040 0.406110 0.914150 0.558010 1.367100 2.769670 4.528150 8.883890 0.592170 0.841500 0.843280 1.079090 1.072130 1.882250 1.503650 1.458690 1.327800 0.879550 0.765150 0.692370
0.898510 2.401140 2.738280 2.941360 3.234800 1.226350 2.309860 1.491130 4.837370 2.228560 1.926580 2.998860 2.074500 0.850860 2.127360 1.806930 5.507550 4.769000 3.681340 1.722440 1.908030 1.060190 2.744160 1.603210 4.338870 9.092960 14.834490 29.246160 1.576260 2.188300 2.659240 3.340280 3.303700 6.091010 4.746350 4.718070 4.206700 2.734900 2.383620 2.181290
1.431230 4.104690 4.743530 5.098710 5.565470 2.007690 3.918700 2.470770 8.369260 3.848390 3.300350 5.146270 3.600970 1.373680 3.664400 3.090270 9.541220 8.288510 6.364510 2.966880 3.240640 1.763290 4.708230 2.732020 7.527830 15.896280 25.896050 51.121340 2.624940 3.639260 4.638920 5.767310 5.687370 10.606410 8.210090 8.235360 7.304090 4.735710 4.146370 3.803930
4.722300 14.660620 17.164290 18.462120 20.825320 7.365670 15.041690 9.193950 13.595480 13.893390 7.348150 19.055120 14.178910 5.049740 14.811780 12.808910 13.276950 11.570450 10.547430 11.840180 12.507030 6.937780 19.585050 11.310660 10.517410 22.243650 36.185520 67.809420 10.580870 14.734080 19.597700 24.123490 7.887110 14.800740 11.415220 18.388510 25.578510 16.041250 17.516980 16.070190
0.955650 2.546110 2.913460 3.124900 3.899560 1.606640 3.077470 1.963050 2.917280 2.378020 1.461670 3.520060 2.826100 1.124010 3.781190 3.848980 3.017010 2.619910 2.351150 2.703270 2.555660 1.705010 5.861590 3.409170 2.397930 4.916150 7.977290 35.427740 3.247720 4.490480 5.810610 7.186940 1.851570 3.314890 2.614620 7.819240 12.958290 8.760210 5.200890 4.764850
1.736000 4.796960 5.518780 5.924320 7.935460 3.341420 6.557170 4.114090 4.351860 4.491000 2.417460 7.043070 6.069000 2.313760 8.662210 9.133450 4.221310 3.672710 3.683390 6.021080 5.443650 3.799860 13.932330 8.075090 3.368380 6.873400 11.149770 66.333410 7.633710 10.565520 13.866020 17.108530 2.593010 4.629470 3.658460 7.120440 12.169200 6.981590 12.404750 11.371040
0.442430 0.933630 1.010470 1.079540 1.465390 0.705950 1.246530 0.838950 0.853600 0.833360 0.493420 1.313760 1.064710 0.497530 1.572940 1.681530 0.831850 0.716670 0.727810 1.084700 1.020950 0.743500 2.557120 1.488780 0.680470 1.245400 2.021750 11.844980 1.477630 2.043360 2.466000 3.104420 0.554950 0.866440 0.735970 1.294830 2.216820 1.286000 2.205600 2.022110
0.486120 1.108420 1.240350 1.325980 1.752100 0.807050 1.456280 0.967400 1.018260 1.026580 0.599620 1.580440 1.312570 0.581240 1.910810 2.035250 0.992810 0.864730 0.870940 1.331730 1.216360 0.885430 3.078410 1.805230 0.800810 1.538430 2.464370 14.332860 1.744360 2.414720 3.034290 3.751690 0.652000 1.062750 0.875420 1.582290 2.697590 1.573510 2.722590 2.490340
0.313690 0.548020 0.585150 0.619680 0.689240 0.367610 0.550800 0.412630 0.961760 0.498550 0.457450 0.674170 0.469880 0.297460 0.487460 0.443240 1.075650 0.933110 0.763630 0.412210 0.466650 0.321990 0.626120 0.405460 0.865480 1.666040 2.661070 5.088500 0.447220 0.647400 0.573390 0.703760 0.701070 1.155000 0.946280 0.910560 0.859140 0.584380 0.533100 0.474000
0.484890 1.125320 1.256770 1.345150 1.487540 0.626740 1.094760 0.742050 2.190130 1.036080 0.912820 1.398680 0.963250 0.459490 0.995560 0.860070 2.480170 2.148840 1.677880 0.815630 0.911470 0.543160 1.285040 0.771370 1.965190 4.038380 6.582920 12.955950 0.788720 1.106500 1.222730 1.532090 1.516870 2.722460 2.148470 2.117490 1.911130 1.256090 1.107530 1.004410
0.335530 0.615450 0.662290 0.702190 0.779780 0.399300 0.611580 0.451830 1.096820 0.562870 0.510280 0.755540 0.527140 0.314270 0.544610 0.490960 1.229900 1.068360 0.865910 0.462600 0.518280 0.352120 0.704220 0.450120 0.984200 1.928330 3.084080 5.917200 0.488200 0.702540 0.654740 0.797290 0.792240 1.327690 1.078740 1.041890 0.977200 0.662640 0.603110 0.538880
0.433310 0.965700 1.064450 1.138640 1.347250 0.593830 1.039830 0.704760 1.486560 0.878730 0.678190 1.246640 0.898990 0.433650 1.053600 0.999410 1.627290 1.403510 1.161820 0.809370 0.857470 0.548660 1.504590 0.891890 1.291150 2.603080 4.244110 11.999480 0.897200 1.256940 1.426540 1.818990 1.011890 1.765800 1.414510 2.971150 4.366430 3.037510 1.287390 1.169620
0.802220 2.067900 2.354230 2.525180 3.107880 1.298470 2.441470 1.576800 2.483290 1.923390 1.211290 2.818900 2.222780 0.903480 2.895240 2.910920 2.594900 2.236720 1.986120 2.098740 2.025570 1.333860 4.420320 2.576550 2.048660 4.185230 6.814810 28.320090 2.480730 3.432880 4.366330 5.395690 1.594770 2.836910 2.249460 7.056570 11.659450 8.016780 3.909080 3.581180
0.407500 0.891950 0.976020 1.044600 1.309810 0.600090 1.056410 0.713130 1.068460 0.803500 0.537480 1.195480 0.908090 0.430400 1.187420 1.195190 1.115260 0.956750 0.861530 0.865850 0.869050 0.588960 1.812060 1.061950 0.888140 1.736550 2.837750 11.577110 1.060610 1.472860 1.736360 2.195720 0.705300 1.189680 0.973330 2.969800 4.904620 3.389700 1.558500 1.424510
0.697630 1.726960 1.950450 2.090470 2.769080 1.225060 2.284330 1.484800 1.581720 1.599110 0.891300 2.480040 2.072580 0.860290 3.041280 3.239420 1.539740 1.323480 1.336670 2.097920 1.901470 1.359220 4.922780 2.870590 1.221170 2.419590 3.924630 23.279850 2.744710 3.784760 4.874270 6.031040 0.976310 1.658600 1.344760 2.512390 4.309240 2.490330 4.363100 3.997690
0.470570 1.120940 1.250000 1.341030 1.797940 0.814860 1.500480 0.983320 1.028600 1.020640 0.560580 1.603160 1.325310 0.556020 1.955610 2.086190 1.001380 0.853050 0.869660 1.345860 1.235200 0.883600 3.185980 1.844530 0.791230 1.534620 2.521980 14.996900 1.793080 2.467290 3.122550 3.887680 0.632640 1.059040 0.874020 1.613630 2.771790 1.600360 2.790990 2.560520;

c=
0 19964.3 21206.1 17458.8 25761.8 32657.8 39966.7 50438.6 28597.2 30570.4 31342.5 29779.1 34415.6 37319.1 41041.7 47009.3 33046.7 35926.9 37439.8 39546.7 42250.7 43375.5 46902.9 52198.2 40660 40548.5 44221.9 46528.4 46075.3 46541.6 47228.9 53482.6 46697.7 45794.3 47802.5 48230.9 48119.8 51262.4 50669.2 52340.5
19964.3 0 8223.88 22420.5 13881.3 20706.5 28839.6 43819.5 9568.89 10762.4 12372.7 12868 17233.2 20795.1 24734 31919.6 13809.4 15966.8 17935.4 20734.8 23565.6 25597.9 29542.8 36087.2 21346.1 20588.4 24257.8 26693.5 26335 27023.6 28463.6 36046.3 30185.5 26697.8 28153.1 28267.3 28312.4 31387.3 31033.8 32974
21206.1 8223.88 0 16831.7 5978.98 13256.9 21399 35757.8 15710.7 12451.5 11405.1 8682.58 13248.5 16128.5 19910.2 26310.3 19022.3 18544.2 17688.5 18877.6 21418.7 22209.7 25696.9 31208.6 25727.5 22766.4 26049.4 27133.5 26402.9 26402.8 26349.1 32278.6 36600.4 31108.6 31454.2 29751.1 28574.5 31880.1 30627.8 31865.4
17458.8 22420.5 16831.7 0 17010.1 21156.8 26362 33739.3 31685.6 29279.7 27845.1 23974.6 27566.6 29039.4 31848.5 35756.1 35484 35368.6 33910.9 34124 36202.7 35705.2 38222 41495.1 42481.2 39513.2 42670.6 43241 42351.6 41954.1 40751.9 44284.4 52566.4 47883.4 48275.4 46218.7 44547.2 47875.2 46135.1 46809.7
25761.8 13881.3 5978.98 17010.1 0 7359.15 15449.2 29938.3 19747.2 14427.6 11825.2 7302.03 10557.8 12352.3 15674.1 21247.8 22219.8 20083.8 17342.5 17138.1 19197.5 18955.6 21900.1 26514.7 27934.1 23628.8 26405.4 26444.5 25485.4 24977.2 23813.3 28309.7 39988.3 33100.2 32624.3 29681.4 27675.5 30993.5 29140.6 29813.5
32657.8 20706.5 13256.9 21156.8 7359.15 0 8168.07 23636.2 24841.5 18136.6 14572.2 10026.6 9914.37 9249.21 11030.1 14792 26329.9 22629.4 18095.7 16140.5 17229.9 15498.5 17338.3 20425 30647.2 25093.3 27063.9 25814.3 24635.3 23509.6 20936.9 23167.7 43654.8 35335.2 33912.9 29619.1 26696.5 29840.6 27316.7 27213
39966.7 28839.6 21399 26362 15449.2 8168.07 0 16505.3 32271.9 25110.9 21334.4 17356.4 15511.2 12971.9 12035.4 10907.3 33177.8 28640.7 23201.1 20060.4 20013.7 16872.8 16758.1 16562.5 36410.9 30162.9 31342 28985.7 27684.2 26027.8 22139.9 20829.4 49825.9 40573 38406.2 33087.2 29452.1 32202.2 29123.7 28126
50438.6 43819.5 35757.8 33739.3 29938.3 23636.2 16505.3 0 48443.9 41482.8 37746.1 33528.7 32015.1 29374 27755 23287.9 49611.5 45143.5 39625.5 36257.3 35786.8 32186.6 30772.2 26946.1 52875.3 46513.4 47410.1 44574 43249.3 41355.7 36858.3 32307.4 66321.6 56898.5 54469.3 48725.7 44781 47164.2 43819 42161.9
28597.2 9568.89 15710.7 31685.6 19747.2 24841.5 32271.9 48443.9 0 7545.51 11281.2 14936.6 17520.4 21067.8 24580.2 32105.4 4449.5 8927.83 13688.4 17689.7 20345.6 23547.5 27604.6 34971 12068.4 13108 16745.7 20257.5 20311.2 21650.3 24584.1 33500.2 20960.7 17295 19253.7 20727.6 21911.7 24548.5 25090.6 27616.6
30570.4 10762.4 12451.5 29279.7 14427.6 18136.6 25110.9 41482.8 7545.51 0 3810.03 8130.32 10016.6 13527.6 17047.7 24577.1 8193.35 6094.54 7308.42 10728.5 13533.4 16339.9 20417.2 27635.9 13562.6 10454.7 13944.5 15964.6 15574.1 16301.9 18196.9 26578.3 25734.3 18840.6 19004.3 17851.2 17569.9 20692 20275.1 22289.6
31342.5 12372.7 11405.1 27845.1 11825.2 14572.2 21334.4 37746.1 11281.2 3810.03 0 4791.49 6239.26 9818.41 13473.7 20994.3 11866.6 8350.08 6304.83 8380.61 11200.6 13383.1 17416.1 24380.6 16343.6 11840.9 14832.9 15739.8 15054.9 15254.4 16128.7 23805.8 29096.4 21364.1 20813.9 18404.2 17207.8 20497.7 19440.8 20998
29779.1 12868 8682.58 23974.6 7302.03 10026.6 17356.4 33528.7 14936.6 8130.32 4791.49 0 4668.84 7996.16 11936 19052.3 16318.6 13134.6 10052.2 10350.1 12778.7 13601.8 17251.2 23342.7 21135.1 16395.4 19104.6 19272.5 18378.8 18081.6 17680.8 23848 33796 26132.6 25402.2 22401.9 20574.4 23903 22299.4 23317.5
34415.6 17233.2 13248.5 27566.6 10557.8 9914.37 15511.2 32015.1 17520.4 10016.6 6239.26 4668.84 0 3672.22 7543.79 14949.7 17798.5 13157.2 8187.51 6701.82 8641.82 8963.39 12584.6 18854 21044.3 15210.4 17176.2 16314 15239.3 14511 13351.5 19180.5 34352.7 25527.9 23998.5 19915.2 17395.4 20671.1 18626.9 19263.8
37319.1 20795.1 16128.5 29039.4 12352.3 9249.21 12971.9 29374 21067.8 13527.6 9818.41 7996.16 3672.22 0 3943.33 11277.9 21034.1 15921.7 10251.6 7244.15 7987.2 6665.89 9635.77 15346.7 23509.4 17191.1 18518.5 16727.4 15504.1 14276.2 11871.5 16175.9 37000 27601.5 25549.2 20665.3 17513.8 20614.2 18072.6 18105.3
41041.7 24734 19910.2 31848.5 15674.1 11030.1 12035.4 27755 24580.2 17047.7 13473.7 11936 7543.79 3943.33 0 7530.72 24128.8 18594.2 12566.5 8691.12 8058.96 4911.43 6374.54 11412.8 25699.2 19034.8 19661.1 16984.6 15674.3 13993 10362.9 12637.8 39253.5 29297.8 26715.3 21110.3 17416.8 20198.6 17217.3 16576.2
47009.3 31919.6 26310.3 35756.1 21247.8 14792 10907.3 23287.9 32105.4 24577.1 20994.3 19052.3 14949.7 11277.9 7530.72 0 31513.4 25788.6 19684.9 15542.5 13989.1 10017 7587.5 5807.52 32431.1 25605.3 25531.8 21992 20681.5 18595.8 13792 9995.92 45907.3 35493.1 32374.5 26096 21929.6 24039.3 20623.8 18874
33046.7 13809.4 19022.3 35484 22219.8 26329.9 33177.8 49611.5 4449.5 8193.35 11866.6 16318.6 17798.5 21034.1 24128.8 31513.4 0 6172.18 12041.7 16269.3 18626.1 22230.7 26159.7 33690.7 7624.79 9461.57 12904.5 16850.8 17115.8 18737.1 22307 31586.4 17775.9 12903.5 14826.3 16770.2 18468.6 20834.4 21782 24523.4
35926.9 15966.8 18544.2 35368.6 20083.8 22629.4 28640.7 45143.5 8927.83 6094.54 8350.08 13134.6 13157.2 15921.7 18594.2 25788.6 6172.18 0 6107.52 10314.6 12519.6 16231.8 20086.8 27639.3 8033.35 4621.7 8305.41 11360.9 11383.4 12782.5 16143.5 25416.9 21195.6 13025.2 12910.1 12332 13019.2 15790.5 16164.7 18708.8
37439.8 17935.4 17688.5 33910.9 17342.5 18095.7 23201.1 39625.5 13688.4 7308.42 6304.83 10052.2 8187.51 10251.6 12566.5 19684.9 12041.7 6107.52 0 4232.44 6683.56 10189.5 14135 21651.7 13273.3 7045 9150.49 9445.12 8754.9 9117.68 10997.4 19822.2 26800.8 17428 15828.7 12352 10903 14195.5 13232 15038.6
39546.7 20734.8 18877.6 34124 17138.1 16140.5 20060.4 36257.3 17689.7 10728.5 8380.61 10350.1 6701.82 7244.15 8691.12 15542.5 16269.3 10314.6 4232.44 0 2840.56 5963.52 9951.97 17437 17028.5 10346.2 11296.9 9696.46 8569.13 7840.1 7750.86 15874.5 30577.3 20658.8 18351.1 13492.2 10705.8 13970.6 12012.1 12990.7
42250.7 23565.6 21418.7 36202.7 19197.5 17229.9 20013.7 35786.8 20345.6 13533.4 11200.6 12778.7 8641.82 7987.2 8058.96 13989.1 18626.1 12519.6 6683.56 2840.56 0 3978.15 7579.04 15138.5 18493 11641.9 11709.3 8979.67 7691.89 6292.57 4979.44 13155.3 31925.4 21556.4 18720.6 13074.3 9589.95 12632.6 10151.1 10624.8
43375.5 25597.9 22209.7 35705.2 18955.6 15498.5 16872.8 32186.6 23547.5 16339.9 13383.1 13601.8 8963.39 6665.89 4911.43 10017 22230.7 16231.8 10189.5 5963.52 3978.15 0 4077.34 11477.4 22463.9 15617.3 15575.1 12388.1 11063.1 9219.17 5496.73 10448.9 35903.4 25492.7 22514.1 16540.2 12657.5 15329.5 12306.7 11762.1
46902.9 29542.8 25696.9 38222 21900.1 17338.3 16758.1 30772.2 27604.6 20417.2 17416.1 17251.2 12584.6 9635.77 6374.54 7587.5 26159.7 20086.8 14135 9951.97 7579.04 4077.34 0 7559.55 25856.1 19005.1 18396.4 14558.5 13271.7 11115.7 6215.53 6597.58 39112.9 28418.6 25047.7 18609 14387.1 16455 13057.8 11519.1
52198.2 36087.2 31208.6 41495.1 26514.7 20425 16562.5 26946.1 34971 27635.9 24380.6 23342.7 18854 15346.7 11412.8 5807.52 33690.7 27639.3 21651.7 17437 15138.5 11477.4 7559.55 0 33304.3 26477.3 25579.7 21403 20196 17953.3 12933 5404.26 46417.6 35568.3 31924.4 25231.8 20904.3 22299.4 18793.6 16366.7
40660 21346.1 25727.5 42481.2 27934.1 30647.2 36410.9 52875.3 12068.4 13562.6 16343.6 21135.1 21044.3 23509.4 25699.2 32431.1 7624.79 8033.35 13273.3 17028.5 18493 22463.9 25856.1 33304.3 0 6859.49 8430.41 13094.9 13900.3 16027.2 20659.9 30094.5 13554.8 5416.19 7446.54 11309.2 14418.6 15815.3 17795.2 20882.1
40548.5 20588.4 22766.4 39513.2 23628.8 25093.3 30162.9 46513.4 13108 10454.7 11840.9 16395.4 15210.4 17191.1 19034.8 25605.3 9461.57 4621.7 7045 10346.2 11641.9 15617.3 19005.1 26477.3 6859.49 0 3704.66 7411.51 7809.97 9683.42 13984.9 23456.4 20307.8 10411.4 9006.98 7737.75 9012.96 11450.3 12354.5 15193.5
44221.9 24257.8 26049.4 42670.6 26405.4 27063.9 31342 47410.1 16745.7 13944.5 14832.9 19104.6 17176.2 18518.5 19661.1 25531.8 12904.5 8305.41 9150.49 11296.9 11709.3 15575.1 18396.4 25579.7 8430.41 3704.66 0 4668.77 5569.74 7784.71 12679.6 21946.1 20861.1 10022.6 7069.11 4033.18 6017.56 7944.28 9417.78 12468.5
46528.4 26693.5 27133.5 43241 26444.5 25814.3 28985.7 44574 20257.5 15964.6 15739.8 19272.5 16314 16727.4 16984.6 21992 16850.8 11360.9 9445.12 9696.46 8979.67 12388.1 14558.5 21403 13094.9 7411.51 4668.77 0 1325.59 3464.44 8494.63 17463 25287.8 14267.8 10534.3 4152.12 1658.98 4771.33 4943.8 7867.37
46075.3 26335 26402.9 42351.6 25485.4 24635.3 27684.2 43249.3 20311.2 15574.1 15054.9 18378.8 15239.3 15504.1 15674.3 20681.5 17115.8 11383.4 8754.9 8569.13 7691.89 11063.1 13271.7 20196 13900.3 7809.97 5569.74 1325.59 0 2250.95 7265.81 16390 26370.1 15401.7 11787.2 5477.52 2195.64 5524.31 4798.97 7409.96
46541.6 27023.6 26402.8 41954.1 24977.2 23509.6 26027.8 41355.7 21650.3 16301.9 15254.4 18081.6 14511 14276.2 13993 18595.8 18737.1 12782.5 9117.68 7840.1 6292.57 9219.17 11115.7 17953.3 16027.2 9683.42 7784.71 3464.44 2250.95 0 5032.05 14161.4 28614.3 17652.7 13998 7502.04 3438.34 6340.05 4227.65 6023.73
47228.9 28463.6 26349.1 40751.9 23813.3 20936.9 22139.9 36858.3 24584.1 18196.9 16128.7 17680.8 13351.5 11871.5 10362.9 13792 22307 16143.5 10997.4 7750.86 4979.44 5496.73 6215.53 12933 20659.9 13984.9 12679.6 8494.63 7265.81 5032.05 0 9472.15 33540.1 22640.7 19029 12452.5 8187.52 10305.9 7021.37 6278.4
53482.6 36046.3 32278.6 44284.4 28309.7 23167.7 20829.4 32307.4 33500.2 26578.3 23805.8 23848 19180.5 16175.9 12637.8 9995.92 31586.4 25416.9 19822.2 15874.5 13155.3 10448.9 6597.58 5404.26 30094.5 23456.4 21946.1 17463 16390 14161.4 9472.15 0 42747.4 31725.5 27788.9 20971.8 16679.7 17585 14134.3 11411.3
46697.7 30185.5 36600.4 52566.4 39988.3 43654.8 49825.9 66321.6 20960.7 25734.3 29096.4 33796 34352.7 37000 39253.5 45907.3 17775.9 21195.6 26800.8 30577.3 31925.4 35903.4 39112.9 46417.6 13554.8 20307.8 20861.1 25287.8 26370.1 28614.3 33540.1 42747.4 0 11083.5 15429.4 22126.6 26206.2 26365.3 29253.5 32389.6
45794.3 26697.8 31108.6 47883.4 33100.2 35335.2 40573 56898.5 17295 18840.6 21364.1 26132.6 25527.9 27601.5 29297.8 35493.1 12903.5 13025.2 17428 20658.8 21556.4 25492.7 28418.6 35568.3 5416.19 10411.4 10022.6 14267.8 15401.7 17652.7 22640.7 31725.5 11083.5 0 4568.82 11055.5 15129.6 15376.8 18177.1 21318.2
47802.5 28153.1 31454.2 48275.4 32624.3 33912.9 38406.2 54469.3 19253.7 19004.3 20813.9 25402.2 23998.5 25549.2 26715.3 32374.5 14826.3 12910.1 15828.7 18351.1 18720.6 22514.1 25047.7 31924.4 7446.54 9006.98 7069.11 10534.3 11787.2 13998 19029 27788.9 15429.4 4568.82 0 6836.65 11110.9 10937.1 13927.3 17032
48230.9 28267.3 29751.1 46218.7 29681.4 29619.1 33087.2 48725.7 20727.6 17851.2 18404.2 22401.9 19915.2 20665.3 21110.3 26096 16770.2 12332 12352 13492.2 13074.3 16540.2 18609 25231.8 11309.2 7737.75 4033.18 4152.12 5477.52 7502.04 12452.5 20971.8 22126.6 11055.5 6836.65 0 4329.42 4531.8 7128.21 10263.7
48119.8 28312.4 28574.5 44547.2 27675.5 26696.5 29452.1 44781 21911.7 17569.9 17207.8 20574.4 17395.4 17513.8 17416.8 21929.6 18468.6 13019.2 10903 10705.8 9589.95 12657.5 14387.1 20904.3 14418.6 9012.96 6017.56 1658.98 2195.64 3438.34 8187.52 16679.7 26206.2 15129.6 11110.9 4329.42 0 3328.87 3405.47 6464.04
51262.4 31387.3 31880.1 47875.2 30993.5 29840.6 32202.2 47164.2 24548.5 20692 20497.7 23903 20671.1 20614.2 20198.6 24039.3 20834.4 15790.5 14195.5 13970.6 12632.6 15329.5 16455 22299.4 15815.3 11450.3 7944.28 4771.33 5524.31 6340.05 10305.9 17585 26365.3 15376.8 10937.1 4531.8 3328.87 0 3507.34 6289.89
50669.2 31033.8 30627.8 46135.1 29140.6 27316.7 29123.7 43819 25090.6 20275.1 19440.8 22299.4 18626.9 18072.6 17217.3 20623.8 21782 16164.7 13232 12012.1 10151.1 12306.7 13057.8 18793.6 17795.2 12354.5 9417.78 4943.8 4798.97 4227.65 7021.37 14134.3 29253.5 18177.1 13927.3 7128.21 3405.47 3507.34 0 3150.45
52340.5 32974 31865.4 46809.7 29813.5 27213 28126 42161.9 27616.6 22289.6 20998 23317.5 19263.8 18105.3 16576.2 18874 24523.4 18708.8 15038.6 12990.7 10624.8 11762.1 11519.1 16366.7 20882.1 15193.5 12468.5 7867.37 7409.96 6023.73 6278.4 11411.3 32389.6 21318.2 17032 10263.7 6464.04 6289.89 3150.45 0