omega=
5.705460 9.801600 5.028110 3.105340 5.765610 5.686550 2.481790 2.106570 2.385470 2.387700 2.395230 1.960420 2.928670 8.977840 2.116820 2.387880 2.221080 2.296100 2.145720 1.931400
21.242070 38.706030 18.462480 10.396320 21.816160 21.235420 8.125360 6.556210 7.616900 7.703460 7.724360 5.570820 9.837080 35.026640 5.002580 7.573220 6.988030 7.325980 6.503940 5.804640
5.763190 9.909430 9.328980 8.665890 6.206380 7.668480 6.870660 5.133030 3.305500 5.459250 6.386530 4.145890 4.137130 15.146830 3.880890 5.526760 3.062270 3.296260 3.502540 4.305820
3.820190 6.300870 9.807810 10.572880 4.417340 6.705600 8.417020 6.155510 3.140530 6.383920 7.783160 4.853200 3.916860 14.961050 4.480330 6.524150 2.917080 3.207170 3.689520 5.099640
6.729460 11.728550 6.264410 4.029870 7.678670 7.051290 3.131920 2.961690 4.736540 3.615740 3.060780 2.868090 6.021830 19.653960 2.814570 3.714970 4.359170 4.446220 3.671800 2.874920
17.206470 31.148110 17.379000 11.642120 18.144860 18.311490 9.089200 7.225690 7.553090 8.297470 8.524190 6.061370 9.722700 35.159760 5.438090 8.274370 6.920290 7.274010 6.571700 6.305600
4.166280 6.981930 11.095710 11.991460 4.816070 7.433210 9.437520 6.828900 3.351280 7.097620 8.735840 5.298110 4.190670 16.904280 4.792840 7.196720 3.069910 3.407420 3.920200 5.502570
2.438090 3.742830 4.926360 5.106080 2.845720 3.666160 3.973770 4.667790 2.357720 3.554980 3.956440 4.939140 2.910190 16.155930 4.471680 6.685040 2.178630 2.764490 4.126390 5.121080
3.113600 4.994030 4.066750 3.542140 6.167110 4.451030 2.778660 3.594590 8.804680 4.810720 2.826520 3.984530 11.403820 36.775960 3.718530 5.308650 8.071600 8.124130 6.068910 4.093370
3.552860 5.824930 8.508210 9.019920 4.538650 6.025980 7.025170 5.694620 4.014840 5.850140 6.605760 4.889500 5.065720 20.164270 4.429220 6.631270 3.684520 4.009330 4.229510 5.042520
2.219170 3.340190 5.355550 5.780490 2.413170 3.631730 4.431110 3.401720 1.813650 3.423200 4.200780 2.827150 2.208650 8.568970 2.760480 3.685130 1.675490 1.844140 2.161970 2.772730
2.425860 3.621950 3.729330 3.576580 2.950220 3.173220 2.751170 5.531400 2.722220 3.157930 3.072580 6.842340 3.371160 23.018070 6.021590 9.361740 2.521390 3.515330 5.963750 7.167900
4.483780 7.501330 5.991180 5.154700 9.329840 6.562980 3.955270 5.258040 13.495360 7.166450 4.031370 5.819530 17.568600 57.492690 5.198230 7.921890 12.349090 12.426760 9.148950 6.022430
24.918840 45.468650 35.764150 30.625110 39.706520 34.849890 24.203300 34.375360 42.677130 31.719000 24.448740 38.335960 56.185170 181.012330 31.579150 54.127420 38.981630 46.249180 53.659560 41.537470
10.034720 17.481460 16.783080 15.711780 14.138160 14.442260 12.332870 25.425830 13.530940 14.758890 13.504180 31.278180 17.555860 120.888210 25.937430 43.972100 12.388940 21.212760 40.869290 33.741530
2.970600 4.656340 4.730490 4.509160 3.731800 3.987240 3.456050 7.200530 3.406060 4.015180 3.866240 8.929540 4.265110 30.663960 7.680070 12.356400 3.136140 4.488510 7.773920 9.440640
2.471920 3.806750 3.171130 2.800240 4.686520 3.443120 2.190080 2.786330 6.637770 3.669350 2.243270 3.087990 8.535090 27.288440 2.989840 4.031970 6.095400 6.122800 4.610740 3.119040
2.349990 3.567570 3.120160 2.808000 4.024980 3.190650 2.174050 3.088580 5.329060 3.299700 2.276530 3.550820 6.806760 25.244870 3.344880 4.697560 4.897620 6.506290 9.043780 3.599000
4.169570 6.900030 6.316250 5.787810 6.278640 5.763150 4.464750 8.188770 6.903630 5.812240 4.817440 9.870880 8.858580 49.549760 8.447080 13.694100 6.326660 13.249160 27.970550 10.473270
4.016100 6.631950 6.606940 6.252930 5.230070 5.535080 4.814200 10.322500 4.717650 5.650110 5.379490 12.823880 5.966610 44.723360 10.789840 17.915540 4.326590 6.344800 11.171720 13.712300;

c=
0 11573.7 18163.4 36817.9 15640.2 17506.4 22977.1 32193.6 20952.6 25387.1 29774.4 36858.1 26751.9 32128.2 32804.2 37925.1 32953.1 34220.4 35513.4 37877.8
11573.7 0 10075.2 26434.8 20170.4 15388.7 18942.3 26082 25120.8 24313.4 26951.8 31700.1 30086 33114.8 32450.8 34167.9 39186.6 36810.5 35923 37001.7
18163.4 10075.2 0 19050.7 18041.5 9062.02 10002.4 16019.9 21546.3 16665.2 17960 21718.7 25096.2 26051.6 24542.5 24508.8 35919.2 30649.5 28293.8 28551.5
36817.9 26434.8 19050.7 0 35430.3 25402.2 21685.6 16710.3 37344.3 28039.2 25187.4 21074.1 38772 36107 32963.2 25973.3 50490.9 41666.4 36607.8 34468.8
15640.2 20170.4 18041.5 35430.3 0 10028.4 14688.3 24010.6 5366.22 12589.4 17956.1 26671.7 11114.3 16931.1 18341.8 26004.3 19019.2 18583.4 20455 23456.2
17506.4 15388.7 9062.02 25402.2 10028.4 0 5700.33 15371.3 12646.3 8954.62 12422.7 19463 16056 17818.4 17078.3 20454.8 26912.3 21947.3 20537.8 21748.4
22977.1 18942.3 10002.4 21685.6 14688.3 5700.33 0 9701.38 15721.2 7201.83 8056.28 13881.1 17329.6 16538.8 14643.6 15410.8 28953.1 21585.1 18454.1 18549.9
32193.6 26082 16019.9 16710.3 24010.6 15371.3 9701.38 0 23932.9 13082.7 8882.28 5995.99 23694.5 19746 16389.2 10097.2 35284.8 25348.4 19941.1 17808.7
20952.6 25120.8 21546.3 37344.3 5366.22 12646.3 15721.2 23932.9 0 11092 16400.9 25395.1 5843.34 12471.4 14625.4 23771 14437.9 13354.8 16045.7 19558.1
25387.1 24313.4 16665.2 28039.2 12589.4 8954.62 7201.83 13082.7 11092 0 5429.54 14370.2 10804.9 9416.21 8138.33 13425.6 22528.1 14384.9 11718.1 12831.7
29774.4 26951.8 17960 25187.4 17956.1 12422.7 8056.28 8882.28 16400.9 5429.54 0 8994.26 15106.7 10938.5 7858.51 8252.51 26522.6 16527.8 11651.5 10760.5
36858.1 31700.1 21718.7 21074.1 26671.7 19463 13881.1 5995.99 25395.1 14370.2 8994.26 0 23738.8 18141.8 14399.9 4937.89 34705.2 23551.5 17273.9 14102.8
26751.9 30086 25096.2 38772 11114.3 16056 17329.6 23694.5 5843.34 10804.9 15106.7 23738.8 0 7600.82 10679.3 21087.1 11729.9 7511.78 11024.7 15043.5
32128.2 33114.8 26051.6 36107 16931.1 17818.4 16538.8 19746 12471.4 9416.21 10938.5 18141.8 7600.82 0 3778.91 14578.1 16764.7 5602.43 3574.8 7450.04
32804.2 32450.8 24542.5 32963.2 18341.8 17078.3 14643.6 16389.2 14625.4 8138.33 7858.51 14399.9 10679.3 3778.91 0 10818 20531 9178.08 3860.01 5128.93
37925.1 34167.9 24508.8 25973.3 26004.3 20454.8 15410.8 10097.2 23771 13425.6 8252.51 4937.89 21087.1 14578.1 10818 0 31342.8 19656.4 13060.8 9438.33
32953.1 39186.6 35919.2 50490.9 19019.2 26912.3 28953.1 35284.8 14437.9 22528.1 26522.6 34705.2 11729.9 16764.7 20531 31342.8 0 12207.6 18900.3 23301.9
34220.4 36810.5 30649.5 41666.4 18583.4 21947.3 21585.1 25348.4 13354.8 14384.9 16527.8 23551.5 7511.78 5602.43 9178.08 19656.4 12207.6 0 6769.7 11122.9
35513.4 35923 28293.8 36607.8 20455 20537.8 18454.1 19941.1 16045.7 11718.1 11651.5 17273.9 11024.7 3574.8 3860.01 13060.8 18900.3 6769.7 0 4421.23
37877.8 37001.7 28551.5 34468.8 23456.2 21748.4 18549.9 17808.7 19558.1 12831.7 10760.5 14102.8 15043.5 7450.04 5128.93 9438.33 23301.9 11122.9 4421.23 0
